0 FILE 21039 - main.ldr
0 main
0 Name: 21039 - main.ldr
0 Author: Orion Pobursky [OrionP]
0 !LDRAW_ORG Model
0 !LICENSE Redistributable under CCAL version 2.0 : see CAreadme.txt

0 !THEME Architecture

0 STEP
0 STEP
0 STEP
0 STEP
0 STEP
0 STEP
0 STEP
0 STEP
0 STEP
0 STEP
0 STEP
0 STEP
0 STEP
0 STEP
0 STEP
0 STEP
0 STEP
0 STEP
0 STEP
0 STEP
0 STEP
0 STEP
0 //Should have text: Shanghai
0 STEP
0 STEP
0 STEP
0 STEP
0 STEP
0 STEP
0 STEP
0 STEP
0 STEP
0 STEP
0 STEP
0 STEP
0 STEP
0 STEP
0 STEP
0 STEP
0 STEP
0 STEP
0 STEP
0 STEP
0 STEP
0 STEP
0 STEP
0 STEP
0 STEP
0 STEP
0 STEP
0 STEP
0 STEP
0 STEP
0 STEP
0 STEP
0 STEP
0 STEP
0 STEP
0 STEP
0 STEP
0 STEP
1 72 -0.0037 -5 -30.2777 0.707107 0 -0.707107 0 1 0 0.707107 0 0.707107 21039 - step93.ldr
0 STEP
1 71 0.0014 -124 -1.9996 0 0 1 1 0 0 0 1 0 21039 - step94.ldr
0 STEP
0 //Step 95 Place holder for 2 Technic Flexible Axle 11, 32199.dat.
0 //These non-visibile parts not modelled to conserve file size
0 STEP
1 72 -1.1118 -35 -30.2576 0.734075 0 -0.679069 0 1 0 0.679069 0 0.734075 32249.dat
1 72 -2.2352 -45 -30.1734 0.760456 0 -0.649389 0 1 0 0.649389 0 0.760456 32249.dat
1 72 -3.3309 -55 -30.0758 0.785241 0 -0.61919 0 1 0 0.61919 0 0.785241 32249.dat
0 STEP
1 71 -4.4207 -65 -29.9399 0.808909 0 -0.587934 0 1 0 0.587934 0 0.808909 32249.dat
0 STEP
1 72 -5.52 -75 -29.7349 0.831126 0 -0.556084 0 1 0 0.556084 0 0.831126 32249.dat
1 72 -6.6006 -85 -29.5043 0.85296 0 -0.521976 0 1 0 0.521976 0 0.85296 32249.dat
1 72 -7.6802 -95 -29.2125 0.872216 0 -0.489121 0 1 0 0.489121 0 0.872216 32249.dat
1 72 -8.7386 -105 -28.8995 0.891001 0 -0.454001 0 1 0 0.454001 0 0.891001 32249.dat
1 72 -9.7884 -115 -28.536 0.907989 0 -0.418995 0 1 0 0.418995 0 0.907989 32249.dat
1 72 -10.8197 -125 -28.1386 0.923785 0 -0.382911 0 1 0 0.382911 0 0.923785 32249.dat
0 STEP
1 71 -11.8418 -135 -27.6782 0.938206 0 -0.346076 0 1 0 0.346076 0 0.938206 32249.dat
0 STEP
1 72 -12.84 -145 -27.1986 0.951056 0 -0.309018 0 1 0 0.309018 0 0.951056 32249.dat
1 72 -13.8221 -155 -26.6599 0.962537 0 -0.271151 0 1 0 0.271151 0 0.962537 32249.dat
1 72 -14.7786 -165 -26.1014 0.972451 0 -0.233108 0 1 0 0.233108 0 0.972451 32249.dat
1 72 -15.7121 -175 -25.5232 0.980811 0 -0.194962 0 1 0 0.194962 0 0.980811 32249.dat
1 72 -16.6234 -185 -24.8883 0.987763 0 -0.155963 0 1 0 0.155963 0 0.987763 32249.dat
1 72 -17.5095 -195 -24.2112 0.993013 0 -0.118001 0 1 0 0.118001 0 0.993013 32249.dat
0 STEP
1 71 -18.3677 -205 -23.5087 0.996954 0 -0.077996 0 1 0 0.077996 0 0.996954 32249.dat
0 STEP
1 72 -19.1965 -215 -22.7639 0.999239 0 -0.039009 0 1 0 0.039009 0 0.999239 32249.dat
0 STEP
1 15 0.0014 -234 -1.9996 0 1 0 0 0 1 1 0 0 32034.dat
0 STEP
1 72 -19.9986 -235 -21.9996 1 0 0 0 1 0 0 0 1 21039 - step104.ldr
0 STEP
1 71 0.0014 -344 -1.9996 0 0 -1 -1 0 0 0 1 0 21039 - step94.ldr
0 STEP
0 //Step 106 Place holder for 2 Technic Flexible Axle 16, 32202.dat.
0 //These non-visibile parts not modelled to conserve file size
0 STEP
1 72 -21.0204 -265 -20.9327 0.998648 0 0.051982 0 1 0 -0.051982 0 0.998648 32249.dat
0 STEP
1 71 -21.9848 -275 -19.809 0.994478 0 0.104945 0 1 0 -0.104945 0 0.994478 32249.dat
0 STEP
1 72 -22.8834 -285 -18.6283 0.987763 0 0.155963 0 1 0 -0.155963 0 0.987763 32249.dat
1 72 -23.7179 -295 -17.4029 0.978123 0 0.208026 0 1 0 -0.208026 0 0.978123 32249.dat
1 72 -24.4954 -305 -16.1428 0.965886 0 0.258969 0 1 0 -0.258969 0 0.965886 32249.dat
1 72 -25.1986 -315 -14.8401 0.951056 0 0.309018 0 1 0 -0.309018 0 0.951056 32249.dat
1 72 -25.8422 -325 -13.5049 0.933757 0 0.357907 0 1 0 -0.357907 0 0.933757 32249.dat
1 72 -26.4144 -335 -12.1369 0.913523 0 0.406788 0 1 0 -0.406788 0 0.913523 32249.dat
1 72 -26.8985 -345 -10.7396 0.891001 0 0.454001 0 1 0 -0.454001 0 0.891001 32249.dat
0 STEP
1 71 -27.3191 -355 -9.3206 0.866019 0 0.500011 0 1 0 -0.500011 0 0.866019 32249.dat
0 STEP
1 72 -27.6747 -365 -7.8778 0.838603 0 0.544743 0 1 0 -0.544743 0 0.838603 32249.dat
1 72 -27.937 -375 -6.4236 0.808909 0 0.587934 0 1 0 -0.587934 0 0.808909 32249.dat
1 72 -28.1205 -385 -4.9603 0.777245 0 0.629198 0 1 0 -0.629198 0 0.777245 32249.dat
1 72 -28.2402 -395 -3.4824 0.743145 0 0.669131 0 1 0 -0.669131 0 0.743145 32249.dat
1 72 -28.2792 -405 -2.0022 0.707107 0 0.707107 0 1 0 -0.707107 0 0.707107 32249.dat
1 72 -28.2402 -415 -0.5236 0.669131 0 0.743145 0 1 0 -0.743145 0 0.669131 32249.dat
1 72 -28.1205 -425 0.95 0.629198 0 0.777245 0 1 0 -0.777245 0 0.629198 32249.dat
1 72 -27.937 -435 2.4284 0.587934 0 0.808909 0 1 0 -0.808909 0 0.587934 32249.dat
0 STEP
1 71 -27.6747 -445 3.8954 0.544742 0 0.838603 0 1 0 -0.838603 0 0.544742 32249.dat
0 STEP
1 0 0.0014 -484 -1.9996 0 0 -1 -1 0 0 0 1 0 3705.dat
0 STEP
1 15 0.0014 -484 -1.9996 0 0 -1 -1 0 0 0 1 0 62462.dat
0 STEP
1 71 0.0014 -524 -1.9996 1 0 0 0 0 -1 0 1 0 59443.dat
0 STEP
1 72 -27.3191 -455 5.3207 0.500011 0 0.866019 0 1 0 -0.866019 0 0.500011 32249.dat
1 72 -26.8985 -465 6.7404 0.454001 0 0.891001 0 1 0 -0.891001 0 0.454001 32249.dat
1 72 -26.4144 -475 8.1563 0.406788 0 0.913523 0 1 0 -0.913523 0 0.406788 32249.dat
1 72 -25.8422 -485 9.5151 0.357907 0 0.933757 0 1 0 -0.933757 0 0.357907 32249.dat
1 72 -25.1986 -495 10.8389 0.309018 0 0.951056 0 1 0 -0.951056 0 0.309018 32249.dat
1 72 -24.4953 -505 12.1479 0.258969 0 0.965886 0 1 0 -0.965886 0 0.258969 32249.dat
1 72 -23.7179 -515 13.3994 0.208026 0 0.978123 0 1 0 -0.978123 0 0.208026 32249.dat
1 72 -22.8834 -525 14.6377 0.155963 0 0.987763 0 1 0 -0.987763 0 0.155963 32249.dat
1 72 -21.9848 -535 15.8284 0.104945 0 0.994478 0 1 0 -0.994478 0 0.104945 32249.dat
0 STEP
1 71 -21.0204 -545 16.946 0.051982 0 0.998648 0 1 0 -0.998648 0 0.051982 32249.dat
0 STEP
1 72 0.0014 -560 -1.9996 0 0 -1 -1 0 0 0 1 0 27940.dat
1 71 -19.9986 -555 18.0004 0 0 1 0 1 0 -1 0 0 21039 - step119.ldr







0 NOFILE
0 FILE 21039 - step11.ldr
0 step11
0 Name: 21039 - step11.ldr
0 Author: Orion Pobursky [OrionP]
0 !LDRAW_ORG Model
0 !LICENSE Redistributable under CCAL version 2.0 : see CAreadme.txt
0 !THEME Architecture
0 Name: 21039 - step11.ldr
1 0 0 0 0 1 0 0 0 1 0 0 0 1 30565.dat
1 2 -20 -8 20 1 0 0 0 1 0 0 0 1 6003.dat
0 STEP
1 0 20 0 100 0 0 -1 0 1 0 1 0 0 3795.dat
1 0 -20 0 160 0 0 -1 0 1 0 1 0 0 2445.dat




0 NOFILE
0 FILE 21039 - step36.ldr
0 step36
0 Name: 21039 - step36.ldr
0 Author: Orion Pobursky [OrionP]
0 !LDRAW_ORG Model
0 !LICENSE Redistributable under CCAL version 2.0 : see CAreadme.txt
0 !THEME Architecture
0 Name: 21039 - step36.ldr
1 19 0 0 0 1 0 0 0 1 0 0 0 1 99206.dat
1 19 0 -16 20 1 0 0 0 1 0 0 0 1 2877.dat
0 STEP
1 19 0 -24 0 1 0 0 0 1 0 0 0 1 11211.dat
1 19 0 -24 20 1 0 0 0 1 0 0 0 1 3023.dat
0 STEP
1 19 -10 -4 -18 0 0 -1 -1 0 0 0 1 0 2412b.dat
1 19 10 -4 -18 0 0 -1 -1 0 0 0 1 0 2412b.dat
0 STEP
1 19 -10 -32 0 1 0 0 0 1 0 0 0 1 6141.dat
1 19 -10 -32 20 1 0 0 0 1 0 0 0 1 6141.dat
1 19 10 -32 20 1 0 0 0 1 0 0 0 1 6141.dat
1 19 10 -32 0 1 0 0 0 1 0 0 0 1 6141.dat
1 19 10 -40 20 1 0 0 0 1 0 0 0 1 6141.dat
1 19 10 -40 0 1 0 0 0 1 0 0 0 1 6141.dat
1 19 -10 -40 20 1 0 0 0 1 0 0 0 1 6141.dat
1 19 -10 -40 0 1 0 0 0 1 0 0 0 1 6141.dat
0 STEP
1 19 0 -64 10 1 0 0 0 1 0 0 0 1 30367b.dat




0 NOFILE
0 FILE 21039 - step37.ldr
0 step37
0 Name: 21039 - step37.ldr
0 Author: Orion Pobursky [OrionP]
0 !LDRAW_ORG Model
0 !LICENSE Redistributable under CCAL version 2.0 : see CAreadme.txt
0 !THEME Architecture
0 Name: 21039 - step37.ldr
1 71 0 0 0 1 0 0 0 1 0 0 0 1 3024.dat
0 STEP
1 4 0 -8 0 1 0 0 0 1 0 0 0 1 6141.dat
1 0 0 -16 0 1 0 0 0 1 0 0 0 1 3024.dat
1 4 0 -24 0 1 0 0 0 1 0 0 0 1 6141.dat
1 0 0 -32 0 1 0 0 0 1 0 0 0 1 3024.dat
1 4 0 -40 0 1 0 0 0 1 0 0 0 1 6141.dat
1 0 0 -48 0 1 0 0 0 1 0 0 0 1 3024.dat
1 4 0 -56 0 1 0 0 0 1 0 0 0 1 6141.dat
1 0 0 -64 0 1 0 0 0 1 0 0 0 1 3024.dat
1 4 0 -72 0 1 0 0 0 1 0 0 0 1 6141.dat
1 0 0 -80 0 1 0 0 0 1 0 0 0 1 3024.dat
1 4 0 -88 0 1 0 0 0 1 0 0 0 1 4592.dat
1 0 0 -88 0 1 0 0 0 1 0 0 0 1 4593.dat




0 NOFILE
0 FILE 21039 - step38.ldr
0 step38
0 Name: 21039 - step38.ldr
0 Author: Orion Pobursky [OrionP]
0 !LDRAW_ORG Model
0 !LICENSE Redistributable under CCAL version 2.0 : see CAreadme.txt
0 !THEME Architecture
0 Name: 21039 - step38.ldr
1 71 0 0 0 1 0 0 0 1 0 0 0 1 3623.dat
0 STEP
1 4 -20 -8 0 1 0 0 0 1 0 0 0 1 6141.dat
1 4 0 -8 0 1 0 0 0 1 0 0 0 1 6141.dat
1 4 20 -8 0 1 0 0 0 1 0 0 0 1 6141.dat
0 STEP
1 4 0 -16 0 1 0 0 0 1 0 0 0 1 6141.dat
0 STEP
1 0 0 -16 0 1 0 0 0 1 0 0 0 1 54200.dat
1 0 -20 -8 0 0 0 1 0 1 0 -1 0 0 54200.dat
1 0 20 -8 0 0 0 -1 0 1 0 1 0 0 54200.dat




0 NOFILE
0 FILE 21039 - step39-51.ldr
0 step39-51
0 Name: 21039 - step39-51.ldr
0 Author: Orion Pobursky [OrionP]
0 !LDRAW_ORG Model
0 !LICENSE Redistributable under CCAL version 2.0 : see CAreadme.txt
0 !THEME Architecture
0 Name: 21039 - step39-51.ldr
1 71 0 0 0 1 0 0 0 1 0 0 0 1 4510.dat
1 15 -60 -8 0 1 0 0 0 1 0 0 0 1 2412b.dat
0 STEP
1 15 -20 -8 0 1 0 0 0 1 0 0 0 1 2412b.dat
1 15 20 -8 0 1 0 0 0 1 0 0 0 1 2412b.dat
1 15 60 -8 0 1 0 0 0 1 0 0 0 1 2412b.dat
0 STEP
1 70 -40 18 0 0 1 0 -1 0 0 0 0 1 21039 - step41.ldr
0 STEP
1 15 40 18 0 0 -1 0 -1 0 0 0 0 -1 21039 - step42.ldr
0 STEP
1 71 -100 0 0 1 0 0 0 1 0 0 0 1 32028.dat
1 15 -100 -8 0 1 0 0 0 1 0 0 0 1 2412b.dat
1 71 60 18 -18 1 0 0 0 0 -1 0 1 0 32028.dat
1 15 60 18 -26 1 0 0 0 0 -1 0 1 0 2412b.dat
0 STEP
1 71 -40 18 -18 1 0 0 0 0 -1 0 1 0 21039 - step45.ldr
1 71 -40 18 18 1 0 0 0 0 1 0 -1 0 21039 - step45.ldr
1 71 0 36 0 1 0 0 0 -1 0 0 0 -1 21039 - step45.ldr
0 STEP
1 15 -100 44 0 1 0 0 0 -1 0 0 0 -1 2412b.dat
1 71 -100 36 0 1 0 0 0 -1 0 0 0 -1 32028.dat
1 15 60 18 26 1 0 0 0 0 1 0 -1 0 2412b.dat
1 71 60 18 18 1 0 0 0 0 1 0 -1 0 32028.dat
0 STEP
1 15 136 18 0 0 -1 0 0 0 1 -1 0 0 30374.dat
0 STEP
1 15 88 18 0 0 1 0 0 0 1 1 0 0 4740.dat
0 STEP
1 71 96 18 0 0 1 0 0 0 1 1 0 0 52901.dat
0 STEP
1 15 114 18 0 0 -1 0 0 0 1 -1 0 0 18674.dat
1 71 122 18 0 0 -1 0 0 0 1 -1 0 0 4740.dat
0 STEP




0 NOFILE
0 FILE 21039 - step41.ldr
0 step41
0 Name: 21039 - step41.ldr
0 Author: Orion Pobursky [OrionP]
0 !LDRAW_ORG Model
0 !LICENSE Redistributable under CCAL version 2.0 : see CAreadme.txt
0 !THEME Architecture
0 Name: 21039 - step41.ldr
1 15 0 0 0 1 0 0 0 1 0 0 0 1 4733.dat
0 STEP
1 0 0 -16 0 1 0 0 0 1 0 0 0 1 3024.dat
1 71 0 -8 0 1 0 0 0 1 0 0 0 1 3024.dat
0 STEP
1 19 0 -40 0 0 0 -1 0 1 0 1 0 0 47905.dat
0 STEP
1 0 0 -48 0 0 0 -1 0 1 0 1 0 0 85861.dat
1 0 0 -56 0 0 0 -1 0 1 0 1 0 0 85861.dat
0 STEP
1 15 0 -80 0 0 0 -1 0 1 0 1 0 0 4733.dat
0 STEP
1 70 0 -98 0 0 0 -1 0 1 0 1 0 0 87994.dat




0 NOFILE
0 FILE 21039 - step42.ldr
0 step42
0 Name: 21039 - step42.ldr
0 Author: Orion Pobursky [OrionP]
0 !LDRAW_ORG Model
0 !LICENSE Redistributable under CCAL version 2.0 : see CAreadme.txt
0 !THEME Architecture
0 Name: 21039 - step42.ldr
1 15 0 0 0 1 0 0 0 1 0 0 0 1 4733.dat
1 71 0 -8 0 1 0 0 0 1 0 0 0 1 3024.dat
1 0 0 -16 0 1 0 0 0 1 0 0 0 1 3024.dat
1 15 0 -40 0 1 0 0 0 1 0 0 0 1 4733.dat




0 NOFILE
0 FILE 21039 - step45.ldr
0 step45
0 Name: 21039 - step45.ldr
0 Author: Orion Pobursky [OrionP]
0 !LDRAW_ORG Model
0 !LICENSE Redistributable under CCAL version 2.0 : see CAreadme.txt
0 !THEME Architecture
0 Name: 21039 - step45.ldr
1 71 0 0 0 1 0 0 0 1 0 0 0 1 4510.dat
1 15 -60 -8 0 1 0 0 0 1 0 0 0 1 2412b.dat
1 15 -20 -8 0 1 0 0 0 1 0 0 0 1 2412b.dat
1 15 20 -8 0 1 0 0 0 1 0 0 0 1 2412b.dat
1 15 60 -8 0 1 0 0 0 1 0 0 0 1 2412b.dat




0 NOFILE
0 FILE 21039 - step58.ldr
0 step58
0 Name: 21039 - step58.ldr
0 Author: Orion Pobursky [OrionP]
0 !LDRAW_ORG Model
0 !LICENSE Redistributable under CCAL version 2.0 : see CAreadme.txt
0 !THEME Architecture
0 Name: 21039 - step58.ldr
1 19 0 0 0 1 0 0 0 1 0 0 0 1 3022.dat
1 19 0 8 -10 1 0 0 0 1 0 0 0 1 3023.dat
0 STEP
1 19 0 8 10 1 0 0 0 1 0 0 0 1 35480.dat
0 STEP
1 70 10 4 10 1 0 0 0 1 0 0 0 1 87994.dat
1 70 -10 4 10 1 0 0 0 1 0 0 0 1 87994.dat




0 NOFILE
0 FILE 21039 - step59.ldr
0 step59
0 Name: 21039 - step59.ldr
0 Author: Orion Pobursky [OrionP]
0 !LDRAW_ORG Model
0 !LICENSE Redistributable under CCAL version 2.0 : see CAreadme.txt
0 !THEME Architecture
0 Name: 21039 - step59.ldr
1 19 0 0 0 1 0 0 0 1 0 0 0 1 15535.dat
0 STEP
1 71 0 0 0 1 0 0 0 -1 0 0 0 -1 43898.dat
1 26 0 -8 0 1 0 0 0 -1 0 0 0 -1 43898.dat
0 STEP
1 0 0 -16 0 1 0 0 0 -1 0 0 0 -1 85861.dat
0 STEP
1 71 0 -28 0 0 -1 0 0 0 1 -1 0 0 4697b.dat
0 STEP
1 26 0 -40 0 1 0 0 0 1 0 0 0 1 43898.dat
1 71 0 -48 0 1 0 0 0 1 0 0 0 1 43898.dat




0 NOFILE
0 FILE 21039 - step61.ldr
0 step61
0 Name: 21039 - step61.ldr
0 Author: Orion Pobursky [OrionP]
0 !LDRAW_ORG Model
0 !LICENSE Redistributable under CCAL version 2.0 : see CAreadme.txt
0 !THEME Architecture
0 Name: 21039 - step61.ldr
1 19 0 0 0 1 0 0 0 -1 0 0 0 -1 3023.dat
0 STEP
1 19 0 -8 0 1 0 0 0 -1 0 0 0 -1 3062b.dat
1 19 0 -32 0 1 0 0 0 -1 0 0 0 -1 3062b.dat
0 STEP
1 15 0 -4 0 1 0 0 0 -1 0 0 0 -1 30374.dat
1 19 0 -80 0 1 0 0 0 1 0 0 0 1 3062b.dat
1 19 0 -104 0 1 0 0 0 1 0 0 0 1 3062b.dat




0 NOFILE
0 FILE 21039 - step62.ldr
0 step62
0 Name: 21039 - step62.ldr
0 Author: Orion Pobursky [OrionP]
0 !LDRAW_ORG Model
0 !LICENSE Redistributable under CCAL version 2.0 : see CAreadme.txt
0 !THEME Architecture
0 Name: 21039 - step62.ldr
1 19 0 0 0 1 0 0 0 1 0 0 0 1 3022.dat
1 19 0 -8 0 1 0 0 0 1 0 0 0 1 15535.dat
0 STEP
1 19 -10 8 0 0 0 -1 0 1 0 1 0 0 3023.dat
0 STEP
1 19 10 8 0 0 0 -1 0 1 0 1 0 0 35480.dat
0 STEP
1 19 10 20 -10 0 1 0 0 0 1 1 0 0 21039 - step62-4.ldr
1 19 10 20 10 0 1 0 0 0 1 1 0 0 21039 - step62-4.ldr




0 NOFILE
0 FILE 21039 - step62-4.ldr
0 step62-4
0 Name: 21039 - step62-4.ldr
0 Author: Orion Pobursky [OrionP]
0 !LDRAW_ORG Model
0 !LICENSE Redistributable under CCAL version 2.0 : see CAreadme.txt
0 !THEME Architecture
0 Name: 21039 - step62-4.ldr
1 71 0 0 0 1 0 0 0 0 1 0 -1 0 63965.dat
1 19 0 0 -4 1 0 0 0 0 -1 0 1 0 3062b.dat
0 STEP
1 19 0 0 20 1 0 0 0 0 -1 0 1 0 3062b.dat
0 STEP
1 19 0 0 68 1 0 0 0 0 1 0 -1 0 3062b.dat
1 19 0 0 92 1 0 0 0 0 1 0 -1 0 3062b.dat




0 NOFILE
0 FILE 21039 - step63.ldr
0 step63
0 Name: 21039 - step63.ldr
0 Author: Orion Pobursky [OrionP]
0 !LDRAW_ORG Model
0 !LICENSE Redistributable under CCAL version 2.0 : see CAreadme.txt
0 !THEME Architecture
0 Name: 21039 - step63.ldr
1 71 0 0 0 -1 0 0 0 -1 0 0 0 1 43898.dat
1 26 0 -8 0 -1 0 0 0 -1 0 0 0 1 43898.dat
0 STEP
1 70 0 4 0 -1 0 0 0 -1 0 0 0 1 87994.dat
0 STEP
1 26 0 -40 0 -1 0 0 0 1 0 0 0 -1 43898.dat
1 26 0 -48 0 -1 0 0 0 1 0 0 0 -1 43898.dat
0 STEP
1 71 0 -56 0 -1 0 0 0 1 0 0 0 -1 4740.dat




0 NOFILE
0 FILE 21039 - step65.ldr
0 step65
0 Name: 21039 - step65.ldr
0 Author: Orion Pobursky [OrionP]
0 !LDRAW_ORG Model
0 !LICENSE Redistributable under CCAL version 2.0 : see CAreadme.txt
0 !THEME Architecture
0 Name: 21039 - step65.ldr
1 72 0 0 0 -1 0 0 0 -1 0 0 0 1 11090.dat
1 70 0 -20 0 -1 0 0 0 -1 0 0 0 1 87994.dat
0 STEP
1 19 0 -54 0 -1 0 0 0 1 0 0 0 -1 3062b.dat
1 19 0 -78 0 -1 0 0 0 1 0 0 0 -1 3062b.dat
0 STEP
1 19 0 -86 0 -1 0 0 0 1 0 0 0 -1 6141.dat
1 19 0 -94 0 -1 0 0 0 1 0 0 0 -1 98138.dat




0 NOFILE
0 FILE 21039 - step66-86.ldr
0 step66-86
0 Name: 21039 - step66-86.ldr
0 Author: Orion Pobursky [OrionP]
0 !LDRAW_ORG Model
0 !LICENSE Redistributable under CCAL version 2.0 : see CAreadme.txt
0 !THEME Architecture
0 Name: 21039 - step66-86.ldr
1 73 0 0 0 1 0 0 0 1 0 0 0 1 2431.dat
0 STEP
1 73 20 8 -30 -1 0 0 0 1 0 0 0 -1 41770.dat
1 73 -20 8 -30 -1 0 0 0 1 0 0 0 -1 41769.dat
0 STEP
1 73 0 0 -70 1 0 0 0 1 0 0 0 1 87079.dat
1 73 -30 0 -30 0 0 -1 0 1 0 1 0 0 3069b.dat
1 73 30 0 -30 0 0 -1 0 1 0 1 0 0 3069b.dat
0 STEP
1 73 -20 8 -230 0 0 -1 0 1 0 1 0 0 4282.dat
1 73 20 8 -230 0 0 -1 0 1 0 1 0 0 4282.dat
0 STEP
1 73 -20 0 -100 1 0 0 0 1 0 0 0 1 15573.dat
1 73 20 0 -100 1 0 0 0 1 0 0 0 1 15573.dat
1 73 20 0 -120 1 0 0 0 1 0 0 0 1 15573.dat
1 73 -20 0 -120 1 0 0 0 1 0 0 0 1 15573.dat
1 73 -20 0 -140 1 0 0 0 1 0 0 0 1 15573.dat
1 73 20 0 -140 1 0 0 0 1 0 0 0 1 15573.dat
1 73 20 0 -160 1 0 0 0 1 0 0 0 1 15573.dat
1 73 -20 0 -160 1 0 0 0 1 0 0 0 1 15573.dat
1 73 -20 0 -180 1 0 0 0 1 0 0 0 1 15573.dat
1 73 20 0 -180 1 0 0 0 1 0 0 0 1 15573.dat
1 73 20 0 -200 1 0 0 0 1 0 0 0 1 15573.dat
1 73 -20 0 -200 1 0 0 0 1 0 0 0 1 15573.dat
1 73 -20 0 -220 1 0 0 0 1 0 0 0 1 15573.dat
1 73 20 0 -220 1 0 0 0 1 0 0 0 1 15573.dat
1 73 20 0 -240 1 0 0 0 1 0 0 0 1 15573.dat
1 73 -20 0 -240 1 0 0 0 1 0 0 0 1 15573.dat
1 73 -20 0 -260 1 0 0 0 1 0 0 0 1 15573.dat
1 73 20 0 -260 1 0 0 0 1 0 0 0 1 15573.dat
1 73 20 0 -280 1 0 0 0 1 0 0 0 1 15573.dat
1 73 -20 0 -280 1 0 0 0 1 0 0 0 1 15573.dat
1 73 -20 0 -300 1 0 0 0 1 0 0 0 1 15573.dat
1 73 20 0 -300 1 0 0 0 1 0 0 0 1 15573.dat
1 73 20 0 -320 1 0 0 0 1 0 0 0 1 15573.dat
1 73 -20 0 -320 1 0 0 0 1 0 0 0 1 15573.dat
1 73 -20 0 -340 1 0 0 0 1 0 0 0 1 15573.dat
1 73 20 0 -340 1 0 0 0 1 0 0 0 1 15573.dat
1 73 20 0 -360 1 0 0 0 1 0 0 0 1 15573.dat
1 73 -20 0 -360 1 0 0 0 1 0 0 0 1 15573.dat
0 STEP
1 73 0 0 -390 1 0 0 0 1 0 0 0 1 87079.dat
0 STEP
1 71 0 8 -470 0 0 1 0 1 0 -1 0 0 3034.dat
1 73 -30 8 -450 0 0 1 0 1 0 -1 0 0 3666.dat
1 73 30 8 -450 0 0 1 0 1 0 -1 0 0 3666.dat
0 STEP
1 73 20 0 -420 1 0 0 0 1 0 0 0 1 15573.dat
1 73 -20 0 -420 1 0 0 0 1 0 0 0 1 15573.dat
1 73 -20 0 -440 1 0 0 0 1 0 0 0 1 15573.dat
1 73 20 0 -440 1 0 0 0 1 0 0 0 1 15573.dat
1 73 20 0 -460 1 0 0 0 1 0 0 0 1 15573.dat
1 73 -20 0 -460 1 0 0 0 1 0 0 0 1 15573.dat
1 73 -20 0 -480 1 0 0 0 1 0 0 0 1 15573.dat
1 73 20 0 -480 1 0 0 0 1 0 0 0 1 15573.dat
1 73 20 0 -500 1 0 0 0 1 0 0 0 1 15573.dat
1 73 -20 0 -500 1 0 0 0 1 0 0 0 1 15573.dat
0 STEP
1 71 -20 0 -520 1 0 0 0 1 0 0 0 1 15573.dat
1 71 20 0 -520 1 0 0 0 1 0 0 0 1 15573.dat
1 71 -10 0 -540 1 0 0 0 1 0 0 0 1 60897.dat
1 71 10 0 -540 1 0 0 0 1 0 0 0 1 60897.dat
0 STEP
1 71 -30 8 -530 0 0 -1 0 1 0 1 0 0 3023.dat
1 71 30 8 -530 0 0 -1 0 1 0 1 0 0 3023.dat
1 71 30 16 -540 0 0 -1 0 1 0 1 0 0 3024.dat
1 71 -30 16 -540 0 0 -1 0 1 0 1 0 0 3024.dat
1 71 -30 0 -540 0 0 1 0 1 0 -1 0 0 3070b.dat
1 71 30 0 -540 0 0 1 0 1 0 -1 0 0 3070b.dat
0 STEP
1 71 0 16 -520 1 0 0 0 1 0 0 0 1 34103.dat
1 71 10 16 -540 1 0 0 0 1 0 0 0 1 60897.dat
1 71 -10 16 -540 1 0 0 0 1 0 0 0 1 60897.dat
0 STEP
1 73 0 16 -500 1 0 0 0 1 0 0 0 1 34103.dat
1 73 0 16 -480 1 0 0 0 1 0 0 0 1 34103.dat
1 73 0 16 -460 1 0 0 0 1 0 0 0 1 34103.dat
1 73 0 16 -440 1 0 0 0 1 0 0 0 1 34103.dat
1 73 0 16 -380 1 0 0 0 1 0 0 0 1 34103.dat
1 73 0 16 -360 1 0 0 0 1 0 0 0 1 34103.dat
1 73 0 16 -340 1 0 0 0 1 0 0 0 1 34103.dat
1 73 0 16 -320 1 0 0 0 1 0 0 0 1 34103.dat
1 73 0 16 -260 1 0 0 0 1 0 0 0 1 34103.dat
1 73 0 16 -240 1 0 0 0 1 0 0 0 1 34103.dat
1 73 0 16 -220 1 0 0 0 1 0 0 0 1 34103.dat
1 73 0 16 -200 1 0 0 0 1 0 0 0 1 34103.dat
1 73 0 16 -180 1 0 0 0 1 0 0 0 1 34103.dat
1 73 0 16 -160 1 0 0 0 1 0 0 0 1 34103.dat
1 73 0 16 -140 1 0 0 0 1 0 0 0 1 34103.dat
1 73 0 16 -120 1 0 0 0 1 0 0 0 1 34103.dat
1 73 0 16 -100 1 0 0 0 1 0 0 0 1 34103.dat
1 73 0 16 -80 1 0 0 0 1 0 0 0 1 34103.dat
0 STEP
1 71 0 24 -530 1 0 0 0 1 0 0 0 1 3022.dat
1 73 0 24 -500 1 0 0 0 1 0 0 0 1 15573.dat
1 73 0 24 -480 1 0 0 0 1 0 0 0 1 15573.dat
1 71 0 32 -530 0 0 -1 0 1 0 1 0 0 15573.dat
1 73 0 32 -490 0 0 -1 0 1 0 1 0 0 3023.dat
0 STEP
1 73 0 32 -410 0 0 -1 0 1 0 1 0 0 21039 - step79.ldr
1 73 0 32 -290 0 0 -1 0 1 0 1 0 0 21039 - step79.ldr
0 STEP
1 73 0 24 -210 0 0 -1 0 1 0 1 0 0 11203.dat
1 73 0 24 -170 0 0 -1 0 1 0 1 0 0 11203.dat
0 STEP
1 71 0 -8 -540 1 0 0 0 1 0 0 0 1 34103.dat
1 71 0 -8 -520 1 0 0 0 1 0 0 0 1 34103.dat
1 73 0 -8 -500 1 0 0 0 1 0 0 0 1 34103.dat
1 73 0 -8 -480 1 0 0 0 1 0 0 0 1 34103.dat
1 73 0 -8 -460 1 0 0 0 1 0 0 0 1 34103.dat
1 73 0 -8 -440 1 0 0 0 1 0 0 0 1 34103.dat
1 73 0 -8 -420 1 0 0 0 1 0 0 0 1 34103.dat
1 73 0 -8 -360 1 0 0 0 1 0 0 0 1 34103.dat
1 73 0 -8 -340 1 0 0 0 1 0 0 0 1 34103.dat
1 73 0 -8 -320 1 0 0 0 1 0 0 0 1 34103.dat
1 73 0 -8 -300 1 0 0 0 1 0 0 0 1 34103.dat
1 73 0 -8 -220 1 0 0 0 1 0 0 0 1 34103.dat
1 73 0 -8 -240 1 0 0 0 1 0 0 0 1 34103.dat
1 73 0 -8 -160 1 0 0 0 1 0 0 0 1 34103.dat
1 73 0 -8 -270 1 0 0 0 1 0 0 0 1 26603.dat
1 73 0 -8 -190 1 0 0 0 1 0 0 0 1 26603.dat
0 STEP
1 73 0 -16 -390 0 0 1 0 1 0 -1 0 0 87079.dat
1 73 0 -8 -400 1 0 0 0 1 0 0 0 1 34103.dat
1 73 0 -8 -380 1 0 0 0 1 0 0 0 1 34103.dat
0 STEP
1 73 0 -8 -130 1 0 0 0 1 0 0 0 1 26603.dat
1 73 0 -8 -90 1 0 0 0 1 0 0 0 1 26603.dat
1 73 0 -16 -190 0 0 1 0 1 0 -1 0 0 87079.dat
1 71 0 -16 -540 -1 0 0 0 1 0 0 0 -1 15573.dat
1 71 0 -16 -520 -1 0 0 0 1 0 0 0 -1 15573.dat
1 73 0 -16 -500 -1 0 0 0 1 0 0 0 -1 15573.dat
1 73 0 -16 -480 -1 0 0 0 1 0 0 0 -1 15573.dat
1 73 0 -16 -460 -1 0 0 0 1 0 0 0 -1 15573.dat
1 73 0 -16 -440 -1 0 0 0 1 0 0 0 -1 15573.dat
1 73 0 -16 -340 -1 0 0 0 1 0 0 0 -1 15573.dat
1 73 0 -16 -320 -1 0 0 0 1 0 0 0 -1 15573.dat
1 73 0 -16 -300 -1 0 0 0 1 0 0 0 -1 15573.dat
1 73 0 -16 -240 -1 0 0 0 1 0 0 0 -1 15573.dat
0 STEP
1 71 0 -24 -530 0 0 -1 0 1 0 1 0 0 3069b.dat
1 73 0 -24 -490 0 0 -1 0 1 0 1 0 0 3069b.dat
1 73 0 -24 -390 0 0 -1 0 1 0 1 0 0 4162.dat
0 STEP
1 73 0 -24 -270 0 0 -1 0 1 0 1 0 0 2431.dat
1 73 0 -16 -280 -1 0 0 0 1 0 0 0 -1 15573.dat
1 73 0 -16 -260 -1 0 0 0 1 0 0 0 -1 15573.dat




0 NOFILE
0 FILE 21039 - step79.ldr
0 step79
0 Name: 21039 - step79.ldr
0 Author: Orion Pobursky [OrionP]
0 !LDRAW_ORG Model
0 !LICENSE Redistributable under CCAL version 2.0 : see CAreadme.txt
0 !THEME Architecture
0 Name: 21039 - step79.ldr
1 73 0 0 0 1 0 0 0 1 0 0 0 1 3666.dat
1 73 50 -8 0 0 0 1 0 1 0 -1 0 0 15573.dat
0 STEP
1 73 30 -8 0 0 0 1 0 1 0 -1 0 0 15573.dat
1 73 10 -8 0 0 0 1 0 1 0 -1 0 0 15573.dat
1 73 -10 -8 0 0 0 1 0 1 0 -1 0 0 15573.dat
1 73 -30 -8 0 0 0 1 0 1 0 -1 0 0 15573.dat
1 73 -50 -8 0 0 0 1 0 1 0 -1 0 0 15573.dat
0 STEP
1 73 0 -16 0 0 0 1 0 1 0 -1 0 0 26603.dat




0 NOFILE
0 FILE 21039 - step87.ldr
0 step87
0 Name: 21039 - step87.ldr
0 Author: 
0 !LICENSE Redistributable under CCAL version 2.0 : see CAreadme.txt
0 Name: 21039 - step87.ldr
0 Author: Orion Pobursky [OrionP]
0 !LDRAW_ORG Model
0 !THEME Architecture
1 0 0 0 0 1 0 0 0 1 0 0 0 1 32064a.dat
0 STEP
1 71 -10 24 0 1 0 0 0 1 0 0 0 1 60897.dat
1 71 10 24 0 1 0 0 0 1 0 0 0 1 60897.dat
0 STEP
1 0 10 -8 0 1 0 0 0 1 0 0 0 1 60897.dat
1 0 -10 -8 0 1 0 0 0 1 0 0 0 1 60897.dat
0 STEP
1 71 -30 24 0 0 0 1 0 1 0 -1 0 0 24201.dat
1 71 30 24 0 0 0 -1 0 1 0 1 0 0 24201.dat
0 STEP
1 71 30 0 0 0 0 -1 0 1 0 1 0 0 3005.dat
1 71 -30 0 0 0 0 -1 0 1 0 1 0 0 3005.dat
1 71 -30 -8 0 0 0 -1 0 1 0 1 0 0 3024.dat




0 NOFILE
0 FILE 21039 - step88.ldr
0 step88
0 Name: 21039 - step88.ldr
0 Author: Orion Pobursky [OrionP]
0 !LDRAW_ORG Model
0 !LICENSE Redistributable under CCAL version 2.0 : see CAreadme.txt
0 !THEME Architecture
0 Name: 21039 - step88.ldr
1 71 0 0 0 1 0 0 0 1 0 0 0 1 3023.dat
1 71 0 -8 0 1 0 0 0 1 0 0 0 1 99780.dat
0 STEP
1 71 0 -16 0 1 0 0 0 1 0 0 0 1 3023.dat
0 STEP
1 71 -10 -24 0 1 0 0 0 1 0 0 0 1 3024.dat
1 71 10 -24 0 1 0 0 0 1 0 0 0 1 3070b.dat
0 STEP
1 71 -10 -24 0 -1 0 0 0 1 0 0 0 -1 54200.dat
0 STEP
1 71 -10 -10 -22 1 0 0 0 0 -1 0 1 0 2420.dat




0 NOFILE
0 FILE 21039 - step90.ldr
0 step90
0 Name: 21039 - step90.ldr
0 Author: Orion Pobursky [OrionP]
0 !LDRAW_ORG Model
0 !LICENSE Redistributable under CCAL version 2.0 : see CAreadme.txt
0 !THEME Architecture
0 Name: 21039 - step90.ldr
1 71 0 0 0 1 0 0 0 1 0 0 0 1 3666.dat
0 STEP
1 71 -50 -16 0 -1 0 0 0 1 0 0 0 -1 6091.dat
1 71 0 -16 0 -1 0 0 0 1 0 0 0 -1 6081.dat
0 STEP
1 71 40 0 0 0 0 -1 0 1 0 1 0 0 11477.dat
1 40 0 -16 0 1 0 0 0 1 0 0 0 1 3069b.dat
1 71 -40 -16 0 1 0 0 0 1 0 0 0 1 3069b.dat




0 NOFILE
0 FILE 21039 - step92.ldr
0 step92
0 Name: 21039 - step92.ldr
0 Author: Orion Pobursky [OrionP]
0 !LDRAW_ORG Model
0 !LICENSE Redistributable under CCAL version 2.0 : see CAreadme.txt
0 !THEME Architecture
0 Name: 21039 - step92.ldr
1 72 0 0 0 0 -1 0 1 0 0 0 0 1 10197.dat
0 STEP
1 71 0 0 -20 0 -1 0 0 0 -1 1 0 0 6536.dat
1 71 20 0 0 1 0 0 0 0 -1 0 1 0 6536.dat




0 NOFILE
0 FILE 21039 - step93.ldr
0 step93
0 Name: 21039 - step93.ldr
0 Author: Orion Pobursky [OrionP]
0 !LDRAW_ORG Model
0 !LICENSE Redistributable under CCAL version 2.0 : see CAreadme.txt
0 !THEME Architecture
0 Name: 21039 - step93.ldr
1 72 0 0 0 1 0 0 0 1 0 0 0 1 32249.dat
1 1 40 5 0 0 1 0 -1 0 0 0 0 1 43093.dat
1 1 0 5 40 0 1 0 -1 0 0 0 0 1 43093.dat
0 STEP
1 19 20 -5 0 0 -1 0 1 0 0 0 0 1 32002.dat
1 19 0 -5 20 0 -1 0 1 0 0 0 0 1 32002.dat
0 STEP
1 72 0 -10 0 1 0 0 0 1 0 0 0 1 32249.dat
0 STEP
1 72 0 -20 0 1 0 0 0 1 0 0 0 1 32249.dat




0 NOFILE
0 FILE 21039 - step94.ldr
0 step94
0 Name: 21039 - step94.ldr
0 Author: Orion Pobursky [OrionP]
0 !LDRAW_ORG Model
0 !LICENSE Redistributable under CCAL version 2.0 : see CAreadme.txt
0 !THEME Architecture
0 Name: 21039 - step94.ldr
1 4 0 0 0 1 0 0 0 1 0 0 0 1 3737.dat
1 47 100 0 0 0 0 1 0 1 0 -1 0 0 59443.dat
0 STEP
1 14 75 0 0 0 0 1 0 1 0 -1 0 0 32123b.dat
0 STEP
1 15 50 0 0 -1 0 0 0 1 0 0 0 -1 62462.dat
1 15 10 0 0 -1 0 0 0 1 0 0 0 -1 62462.dat
1 15 -30 0 0 -1 0 0 0 1 0 0 0 -1 62462.dat
0 STEP
1 72 -60 0 0 0 1 0 0 0 1 1 0 0 18654.dat
1 14 -75 0 0 0 0 1 0 1 0 -1 0 0 32123b.dat




0 NOFILE
0 FILE 21039 - step104.ldr
0 step104
0 Name: 21039 - step104.ldr
0 Author: Orion Pobursky [OrionP]
0 !LDRAW_ORG Model
0 !LICENSE Redistributable under CCAL version 2.0 : see CAreadme.txt
0 !THEME Architecture
0 Name: 21039 - step104.ldr
1 72 0 0 0 1 0 0 0 1 0 0 0 1 32249.dat
0 STEP
1 0 0 -5 20 0 -1 0 1 0 0 0 0 1 2780.dat
1 0 20 -5 0 0 -1 0 1 0 0 0 0 1 2780.dat
0 STEP
1 72 0 10 0 1 0 0 0 1 0 0 0 1 32249.dat
0 STEP
1 72 0 -10 0 1 0 0 0 1 0 0 0 1 32249.dat
1 72 0 -20 0 1 0 0 0 1 0 0 0 1 32249.dat




0 NOFILE
0 FILE 21039 - step119.ldr
0 step119
0 Name: 21039 - step119.ldr
0 Author: Orion Pobursky [OrionP]
0 !LDRAW_ORG Model
0 !LICENSE Redistributable under CCAL version 2.0 : see CAreadme.txt
0 !THEME Architecture
0 Name: 21039 - step119.ldr
1 72 0 0 0 1 0 0 0 1 0 0 0 1 32249.dat
1 4 0 -15 0 0 -1 0 1 0 0 0 0 1 32062.dat
0 STEP
1 72 0 -10 0 1 0 0 0 1 0 0 0 1 32249.dat
0 STEP
1 71 0 -25 40 0 -1 0 1 0 0 0 0 1 4519.dat
1 0 0 -15 20 0 -1 0 1 0 0 0 0 1 2780.dat
0 STEP
1 72 0 -25 40 1 0 0 0 1 0 0 0 1 18654.dat
1 72 20 -25 20 0 0 -1 0 1 0 1 0 0 74695.dat
1 72 0 -25 0 0 0 -1 0 1 0 1 0 0 41669.dat
0 STEP
1 72 0 -45 40 1 0 0 0 1 0 0 0 1 41669.dat





0 NOFILE
0 FILE 21039 - 25269.dat
0 25269
0 Name: 21039 - 25269.dat
0 Author: Magnus Forsberg [MagFors]
0 !LDRAW_ORG Unofficial_Part
0 !LICENSE Redistributable under CCAL version 2.0 : see CAreadme.txt

0 BFC CERTIFY CCW

1 16 0 0 0 1 0 0 0 1 0 0 0 1 s\21039 - 25269s01.dat
1 16 -10 0 10 0 0 20 0 1 0 -20 0 0 1-4disc.dat



0 NOFILE
0 FILE 21039 - 27925.dat
0 27925
0 Name: 21039 - 27925.dat
0 Author: Philippe Hurbain [Philo]
0 !LDRAW_ORG Unofficial_Part
0 !LICENSE Redistributable under CCAL version 2.0 : see CAreadme.txt

0 BFC CERTIFY CCW

0 !KEYWORDS macaroni

0 BFC INVERTNEXT
1 16 -10 0 10 20 0 0 0 7 0 0 0 -20 1-4cylo.dat
0 BFC INVERTNEXT
1 16 -8.8202 7 8.8202 19.53 0 -0.20248 0 1 0 0.20248 0 -19.53 1-4cylo.dat
1 16 -8.8202 8 8.8202 19.53 0 -0.20248 0 -1 0 0.20248 0 -19.53 1-4tang.dat
1 16 -10 7 10 1 0 0 0 -1 0 0 0 -1 1-4rin20.dat
1 16 -10 0 10 40 0 0 0 7 0 0 0 -40 48\1-12cylo.dat
1 16 -11.95 7 9 40.95 0 0 0 1 0 0 0 -38 48\1-12cylo.dat
1 16 -11.95 8 9 40.95 0 0 0 -1 0 0 0 -38 48\1-12chrd.dat
1 16 -10 7 10 1 0 0 0 -1 0 0 0 -1 48\1-12ring39.dat
3 16 24.64 7 -10 22.3182 4 -13.4794 22.3182 7 -13.4794
4 16 24.64 7 -10 24.64 0 -10 22.3182 0 -13.4794 22.3182 4 -13.4794
4 16 22.3182 4 -13.4794 22.3182 0 -13.4794 21.7345 0 -14.3511 21.7339 4 -14.3508
1 16 -10 0 10 24.35046 0 31.73413 0 4 0 -31.73413 0 24.35046 48\1-24cylo.dat
1 16 -10 4 10 24.35046 0 31.73413 0 -1 0 -31.73413 0 24.35046 48\1-24chrd.dat
4 16 14.351 4 -21.7348 14.3512 0 -21.7351 13.4794 0 -22.3182 13.4794 4 -22.3182
4 16 10 0 -24.64 10 7 -24.64 13.4794 4 -22.3182 13.4794 0 -22.3182
3 16 10 7 -24.64 13.4794 7 -22.3182 13.4794 4 -22.3182
1 16 -10 0 10 0 0 40 0 7 0 -40 0 0 48\1-12cylo.dat
1 16 20 3.5 10 0 0 10 -3.5 0 0 0 -1 0 rect.dat
1 16 -10 3.5 -20 0 1 0 0 0 -3.5 -10 0 0 rect.dat
1 16 -10 0 10 0 0 20 0 1 0 -20 0 0 1-4ring1.dat
1 16 -10 0 10 0 0 40 0 1 0 -40 0 0 48\1-4aring.dat
2 24 22.3182 7 -13.4794 22.3182 4 -13.4794
2 24 22.3182 4 -13.4794 19.4402 4 -10.6014
2 24 24.64 0 -10 21.7345 0 -14.3511
2 24 14.3512 0 -21.7351 10 0 -24.64
2 24 22.3182 4 -13.4794 21.7339 4 -14.3508
2 24 14.351 4 -21.7348 13.4794 4 -22.3182
2 24 24.64 7 -10 22.3182 7 -13.4794
2 24 13.4794 7 -22.3182 10 7 -24.64
5 24 24.64 7 -10 24.64 0 -10 26.956 24 -5.308 21.736 24 -14.352
5 24 21.7339 4 -14.3508 21.7345 0 -14.3511 24.64 7 -10 18.284 20 -18.284
5 24 14.351 4 -21.7348 14.3512 0 -21.7351 18.284 20 -18.284 10 7 -24.64
5 24 10 7 -24.64 10 0 -24.64 14.352 24 -21.736 5.308 24 -26.956
1 16 19.8549 7.5 9.01135 0 0 9.1451 -0.5 0 0 0 -1 -0.01135 rect.dat
4 16 29 7 10 28.9341 7 9.0001 10.8057 7 9.0226 11 7 10
2 24 23.5127 7 -10 21.6111 7 -12.7723
2 24 21.6111 7 -12.7723 21.6111 8 -12.7723
2 24 23.5127 8 -10 21.6111 8 -12.7723
4 16 21.6111 8 -12.7723 23.5127 8 -10 23.5127 7 -10 21.6111 7 -12.7723
4 16 21.6111 7 -12.7723 23.774 7 -9.5 24.64 7 -10 22.3182 7 -13.4794
2 24 21.6111 8 -12.7723 19.4402 8 -10.6014
4 16 21.6111 7 -12.7723 19.4402 4 -10.6014 19.4402 8 -10.6014 21.6111 8 -12.7723
4 16 19.4402 4 -10.6014 21.6111 7 -12.7723 22.3182 7 -13.4794 22.3182 4 -13.4794
2 24 12.5056 8 -7.9394 7.9394 8 -12.5056
4 16 19.4402 8 -10.6014 20.87 8 -8.36 23.5127 8 -10 21.6111 8 -12.7723
4 16 20.4462 8 -7.552 23.1434 8 -7.5571 23.5127 8 -10 20.87 8 -8.36
4 16 21.5896 8 -5.9974 20.4462 8 -7.552 13.9963 8 -7.5398 14.0914 7.9768 -5.9839
4 16 11.2967 8 -6.73 14.0914 7.9768 -5.9839 13.9963 8 -7.5398 12.5056 8 -7.9394
3 16 20.4462 8 -7.552 21.5896 8 -5.9974 23.1434 8 -7.5571
3 16 23.5127 8 -10 23.1434 8 -7.5571 25.5434 8 -2.2962
3 16 26 8 6 29 8 9 26 8 0
3 16 23.5127 8 -10 25.5434 8 -2.2962 29 8 9
3 16 29 8 9 25.5434 8 -2.2962 26 8 0
4 16 29 8 9 26 8 6 13.2156 8 6.0223 10.7098 8 9.0227
4 16 10.7098 8 9.0227 13.2156 8 6.0223 12.2758 8 1.5203 10.6695 8 5.1382
4 16 7.6226 8 -2.0719 9.1461 8 1.5331 10.8136 8 -1.4789 7.502 8 -6.3923
4 16 12.2758 8 1.5203 13.9972 8 1.517 13.9915 8 -1.4849 10.8136 8 -1.4789
2 24 26 8 6 26 8 0
2 24 14.0914 7.9768 -5.9839 21.5896 8 -5.9974
2 24 13.9963 8 -7.5398 20.4462 8 -7.552
2 24 23.1434 8 -7.5571 25.5434 8 -2.2962
2 24 11.2967 8 -6.73 9.561 8 -8.4591
2 24 14.0914 7.9768 -5.9839 11.2967 8 -6.73
2 24 13.9963 8 -7.5398 12.5056 8 -7.9394
2 24 25.5434 8 -2.2962 26 8 0
4 16 12.5056 8 -7.9394 13.9963 8 -7.5398 13.9963 4 -7.5398 12.5056 4 -7.9394
4 16 13.9963 8 -7.5398 20.4462 8 -7.552 20.4462 4 -7.552 13.9963 4 -7.5398
1 16 20.6581 6 -7.956 0.2119 1 0 0 0 -2 -0.404 0 0 rect.dat
1 16 20.1551 6 -9.4807 0 1 -0.7149 2 0 0 0 0 -1.1207 rect3.dat
4 16 26 8 6 26 8 0 26 4 0 26 4 6
4 16 26 8 0 25.5434 8 -2.2962 25.5434 4 -2.2962 26 4 0
4 16 25.5434 8 -2.2962 23.1434 8 -7.5571 23.1434 4 -7.5571 25.5434 4 -2.2962
1 16 22.3665 6 -6.77725 -0.7769 -1 0 0 0 -2 0.77985 0 0 rect.dat
4 16 21.5896 8 -5.9974 14.0914 7.9768 -5.9839 14.0914 3.9768 -5.9839 21.5896 4 -5.9974
4 16 14.0914 7.9768 -5.9839 11.2967 8 -6.73 11.2967 4 -6.73 14.0914 3.9768 -5.9839
4 16 11.2967 8 -6.73 9.561 8 -8.4591 9.561 4 -8.4591 11.2967 4 -6.73
1 16 8.5315 6 -7.4257 -1.0295 -1 0 0 0 -2 1.0334 0 0 rect.dat
1 16 9.1578 6 -3.9356 0 -1 1.6558 2 0 0 0 0 2.4567 rect3.dat
1 16 12.40255 6 -1.4819 0 0 1.58895 2 0 0 0 1 -0.003 rect3.dat
1 16 13.99435 6 0.01605 0 -1 0.00285 2 0 0 0 0 1.50095 rect3.dat
1 16 13.1365 6 1.51865 0 0 -0.8607 2 0 0 0 -1 0.00165 rect3.dat
1 16 12.74575 6 3.7713 0 -1 0.46995 2 0 0 0 0 2.251 rect3.dat
1 16 19.60785 6 6.01115 0 0 6.39215 2 0 0 0 1 -0.01115 rect3.dat
5 24 13.9963 8 -7.5398 13.9963 4 -7.5398 20.4462 8 -7.552 12.5056 8 -7.9394
5 24 26 8 0 26 4 0 25.5434 8 -2.2962 26 8 6
5 24 25.5434 8 -2.2962 25.5434 4 -2.2962 23.1434 8 -7.5571 26 8 0
5 24 14.0914 7.9768 -5.9839 14.0914 3.9768 -5.9839 11.2967 8 -6.73 21.5896 8 -5.9974
5 24 11.2967 8 -6.73 11.2967 4 -6.73 9.561 8 -8.4591 14.0914 7.9768 -5.9839
2 24 26 4 6 26 4 0
2 24 14.0914 3.9768 -5.9839 21.5896 4 -5.9974
2 24 13.9963 4 -7.5398 20.4462 4 -7.552
2 24 23.1434 4 -7.5571 25.5434 4 -2.2962
2 24 11.2967 4 -6.73 9.561 4 -8.4591
2 24 14.0914 3.9768 -5.9839 11.2967 4 -6.73
2 24 13.9963 4 -7.5398 12.5056 4 -7.9394
2 24 25.5434 4 -2.2962 26 4 0
4 16 11.2967 4 -6.73 9.561 4 -8.4591 7.502 4 -6.3923 10.8136 4 -1.4789
4 16 11.2967 4 -6.73 10.8136 4 -1.4789 13.9915 4 -1.4849 14.0914 3.9768 -5.9839
4 16 20.4462 4 -7.552 20.87 4 -8.36 19.4402 4 -10.6014 13.9963 4 -7.5398
4 16 19.4402 4 -10.6014 22.3182 4 -13.4794 21.7329 4 -14.3501 13.9963 4 -7.5398
4 16 25.5434 4 -2.2962 23.1434 4 -7.5571 21.5896 4 -5.9974 26 4 0
4 16 13.9915 4 -1.4849 26 4 0 21.5896 4 -5.9974 14.0914 3.9768 -5.9839
4 16 26 4 6 26 4 0 13.9915 4 -1.4849 13.9972 4 1.517
4 16 26 4 6 13.9972 4 1.517 12.2758 4 1.5203 13.2156 4 6.0223
2 24 21.6111 7 -12.7723 22.3182 7 -13.4794
2 24 13.4794 7 -22.3182 13.4794 4 -22.3182
2 24 13.4794 4 -22.3182 10.6014 4 -19.4402
2 24 12.7723 7 -21.6111 12.7723 8 -21.6111
2 24 10 8 -23.5127 12.7723 8 -21.6111
2 24 12.7723 8 -21.6111 10.6014 8 -19.4402
4 16 10.6014 8 -19.4402 10.6014 4 -19.4402 12.7723 7 -21.6111 12.7723 8 -21.6111
4 16 13.4794 7 -22.3182 12.7723 7 -21.6111 10.6014 4 -19.4402 13.4794 4 -22.3182
4 16 10 8 -23.5127 8.36 8 -20.87 10.6014 8 -19.4402 12.7723 8 -21.6111
4 16 10 8 -23.5127 7.5571 8 -23.1434 7.552 8 -20.4462 8.36 8 -20.87
4 16 7.5398 8 -13.9963 7.552 8 -20.4462 5.9974 8 -21.5896 5.9839 7.9768 -14.0914
4 16 7.5398 8 -13.9963 5.9839 7.9768 -14.0914 6.73 8 -11.2967 7.9394 8 -12.5056
3 16 5.9974 8 -21.5896 7.552 8 -20.4462 7.5571 8 -23.1434
3 16 7.5571 8 -23.1434 10 8 -23.5127 2.2962 8 -25.5434
3 16 -9 8 -29 -6 8 -26 0 8 -26
3 16 2.2962 8 -25.5434 10 8 -23.5127 -9 8 -29
3 16 2.2962 8 -25.5434 -9 8 -29 0 8 -26
4 16 -6.0223 8 -13.2156 -6 8 -26 -9 8 -29 -9.0227 8 -10.7098
4 16 1.4789 8 -10.8136 -1.5331 8 -9.1461 2.0719 8 -7.6226 6.3923 8 -7.502
4 16 1.4849 8 -13.9915 -1.517 8 -13.9972 -1.5203 8 -12.2758 1.4789 8 -10.8136
2 24 -6 8 -26 0 8 -26
2 24 5.9839 7.9768 -14.0914 5.9974 8 -21.5896
2 24 7.5398 8 -13.9963 7.552 8 -20.4462
2 24 7.5571 8 -23.1434 2.2962 8 -25.5434
2 24 6.73 8 -11.2967 8.4591 8 -9.561
2 24 5.9839 7.9768 -14.0914 6.73 8 -11.2967
2 24 7.5398 8 -13.9963 7.9394 8 -12.5056
2 24 2.2962 8 -25.5434 0 8 -26
4 16 7.5398 4 -13.9963 7.5398 8 -13.9963 7.9394 8 -12.5056 7.9394 4 -12.5056
4 16 7.552 4 -20.4462 7.552 8 -20.4462 7.5398 8 -13.9963 7.5398 4 -13.9963
1 16 7.956 6 -20.6581 0 0 -0.404 2 0 0 0 -1 0.2119 rect.dat
1 16 9.4807 6 -20.1551 0 0 1.1207 -2 0 0 0 -1 0.7149 rect3.dat
4 16 0 4 -26 0 8 -26 -6 8 -26 -6 4 -26
4 16 2.2962 4 -25.5434 2.2962 8 -25.5434 0 8 -26 0 4 -26
4 16 7.5571 4 -23.1434 7.5571 8 -23.1434 2.2962 8 -25.5434 2.2962 4 -25.5434
1 16 6.77725 6 -22.3665 0 0 0.77985 2 0 0 0 1 -0.7769 rect.dat
4 16 5.9839 3.9768 -14.0914 5.9839 7.9768 -14.0914 5.9974 8 -21.5896 5.9974 4 -21.5896
4 16 6.73 4 -11.2967 6.73 8 -11.2967 5.9839 7.9768 -14.0914 5.9839 3.9768 -14.0914
4 16 8.4591 4 -9.561 8.4591 8 -9.561 6.73 8 -11.2967 6.73 4 -11.2967
1 16 7.4257 6 -8.5315 0 0 1.0334 2 0 0 0 1 -1.0295 rect.dat
1 16 3.9356 6 -9.1578 0 0 -2.4567 -2 0 0 0 1 -1.6558 rect3.dat
1 16 1.4819 6 -12.40255 0 -1 0.003 -2 0 0 0 0 -1.58895 rect3.dat
1 16 -0.01605 6 -13.99435 0 0 -1.50095 -2 0 0 0 1 -0.00285 rect3.dat
1 16 -1.51865 6 -13.1365 0 1 -0.00165 -2 0 0 0 0 0.8607 rect3.dat
1 16 -3.7713 6 -12.74573 0 0 -2.251 -2 0 0 0 1 -0.4699 rect3.dat
1 16 -6.01115 6 -19.60782 0 -1 0.01115 -2 0 0 -0.00005 0 -6.3922 rect3.dat
5 24 7.5398 8 -13.9963 7.5398 4 -13.9963 7.552 8 -20.4462 7.9394 8 -12.5056
5 24 0 8 -26 0 4 -26 2.2962 8 -25.5434 -6 8 -26
5 24 2.2962 8 -25.5434 2.2962 4 -25.5434 7.5571 8 -23.1434 0 8 -26
5 24 5.9839 7.9768 -14.0914 5.9839 3.9768 -14.0914 6.73 8 -11.2967 5.9974 8 -21.5896
5 24 6.73 8 -11.2967 6.73 4 -11.2967 8.4591 8 -9.561 5.9839 7.9768 -14.0914
2 24 -6 4 -26 0 4 -26
2 24 5.9839 3.9768 -14.0914 5.9974 4 -21.5896
2 24 7.5398 4 -13.9963 7.552 4 -20.4462
2 24 7.5571 4 -23.1434 2.2962 4 -25.5434
2 24 6.73 4 -11.2967 8.4591 4 -9.561
2 24 5.9839 3.9768 -14.0914 6.73 4 -11.2967
2 24 7.5398 4 -13.9963 7.9394 4 -12.5056
2 24 2.2962 4 -25.5434 0 4 -26
4 16 6.3923 4 -7.502 8.4591 4 -9.561 6.73 4 -11.2967 1.4789 4 -10.8136
4 16 1.4849 4 -13.9915 1.4789 4 -10.8136 6.73 4 -11.2967 5.9839 3.9768 -14.0914
4 16 10.6014 4 -19.4402 8.36 4 -20.87 7.552 4 -20.4462 7.5398 4 -13.9963
4 16 14.3501 4 -21.7329 13.4794 4 -22.3182 10.6014 4 -19.4402 7.5398 4 -13.9963
4 16 5.9974 4 -21.5896 7.5571 4 -23.1434 2.2962 4 -25.5434 0 4 -26
4 16 5.9974 4 -21.5896 0 4 -26 1.4849 4 -13.9915 5.9839 3.9768 -14.0914
4 16 1.4849 4 -13.9915 0 4 -26 -6 4 -26 -1.517 4 -13.9972
4 16 -1.5203 4 -12.2758 -1.517 4 -13.9972 -6 4 -26 -6.0223 4 -13.2157
2 24 12.7723 7 -21.6111 13.4794 7 -22.3182
2 24 7.9394 4 -12.5056 12.5056 4 -7.9394
4 16 12.5056 4 -7.9394 7.9394 4 -12.5056 7.9394 8 -12.5056 12.5056 8 -7.9394
4 16 13.9963 4 -7.5398 21.7329 4 -14.3501 14.3501 4 -21.7329 7.5398 4 -13.9963
4 16 13.9963 4 -7.5398 7.5398 4 -13.9963 7.9394 4 -12.5056 12.5056 4 -7.9394
4 16 8.4591 8 -9.561 9.561 8 -8.4591 12.5056 8 -7.9394 7.9394 8 -12.5056
3 16 6.73 8 -11.2967 8.4591 8 -9.561 7.9394 8 -12.5056
3 16 9.561 8 -8.4591 11.2967 8 -6.73 12.5056 8 -7.9394
4 16 4.8463 8 -4.8463 7.6226 8 -2.0719 7.502 8 -6.3923 6.3923 8 -7.502
3 16 4.8463 8 -4.8463 6.3923 8 -7.502 2.0719 8 -7.6226
4 16 8.4591 8 -9.561 6.3923 8 -7.502 7.502 8 -6.3923 9.561 8 -8.4591
1 16 -9 7 11.95 0 0 38 0 1 0 -40.95 0 0 48\1-12cylo.dat
1 16 -9 8 11.95 0 0 38 0 -1 0 -40.95 0 0 48\1-12chrd.dat
1 16 -10 7 10 0 0 1 0 -1 0 -1 0 0 48\1-12ring39.dat
4 16 -9.0226 7 -10.8057 -9.0001 7 -28.9341 -10 7 -29 -10 7 -11
4 16 10 7 -24.64 9.5 7 -23.774 12.7723 7 -21.6111 13.4794 7 -22.3182
1 16 -9.01135 7.5 -19.8549 0 1 -0.01135 -0.5 0 0 0 0 9.1451 rect.dat
4 16 12.7723 7 -21.6111 10 7 -23.5127 10 8 -23.5127 12.7723 8 -21.6111
2 24 10 7 -23.5127 12.7723 7 -21.6111
4 16 -1.5331 8 -9.1461 1.4789 8 -10.8136 -1.5203 8 -12.2758 -5.1382 8 -10.6695
4 16 -5.1382 8 -10.6695 -1.5203 8 -12.2758 -6.0223 8 -13.2156 -9.0227 8 -10.7098
4 16 10.8136 8 -1.4789 9.1461 8 1.5331 10.6695 8 5.1382 12.2758 8 1.5203
5 24 23.5127 8 -10 23.5127 7 -10 21.6111 8 -12.7723 25.8837 8 -5.5426
5 24 12.5056 4 -7.9394 12.5056 8 -7.9394 13.9963 8 -7.5398 7.9394 4 -12.5056
5 24 7.9394 8 -12.5056 7.9394 4 -12.5056 7.5398 4 -13.9963 12.5056 4 -7.9394
5 24 10 7 -23.5127 10 8 -23.5127 12.7723 7 -21.6111 5.5426 8 -25.8837



0 NOFILE
0 FILE s\21039 - 25269s01.dat
0 ~Tile 1 x  1 Corner Round without Top Surface
0 Name: s\21039 - 25269s01.dat
0 Author: Magnus Forsberg [MagFors]
0 !LDRAW_ORG Unofficial_Subpart
0 !LICENSE Redistributable under CCAL version 2.0 : see CAreadme.txt

0 BFC CERTIFY CCW

1 16 0 3.5 0 0 0 -10 -3.5 0 0 0 10 0 box2-5.dat
1 16 -0.1 7.5 0.1 0 -8.9 0 0.5 0 0 0 0 8.9 box2-5.dat
0 BFC INVERTNEXT
1 16 -0.4 6 0.4 0 0 -5.6 -2 0 0 0 5.6 0 box2-5.dat
1 16 -10 0 10 0 0 20 0 1 0 -20 0 0 1-4edge.dat
1 16 -10 0 10 0 0 20 0 4 0 -20 0 0 1-4cyli.dat
1 16 -1.696 7.5 -6.864 0 0 1.0331 0.5 0 0 0 1 0.6905 rect3.dat
1 16 -1.579 6 -5.686 0 0 0.7175 -2 0 0 0 -1 -0.1427 rect3.dat
1 16 -5.865 7.5 -8.177 -3.1355 0 0 0 0 0.5 -0.6228 1 0 rect2p.dat
1 16 -10 7 10 0 0 20 0 1 0 -20 0 0 1-16edge.dat
1 16 -10 4 10 0 0 20 0 3 0 -20 0 0 1-16cyli.dat
1 16 -10 7 10 0 0 20 0 -1 0 -20 0 0 1-16chrd.dat
1 16 -10 7 10 20 0 0 0 1 0 0 0 -20 1-16edge.dat
1 16 -10 4 10 20 0 0 0 3 0 0 0 -20 1-16cyli.dat
1 16 -10 7 10 20 0 0 0 -1 0 0 0 -20 1-16chrd.dat
1 16 8.177 7.5 5.865 -0.6228 -1 0 0 0 0.5 -3.1355 0 0 rect2p.dat
1 16 6.864 7.5 1.696 0 -1 -0.6905 -0.5 0 0 0 0 -1.0331 rect3.dat
1 16 5.686 6 1.579 0 1 0.1427 2 0 0 0 0 -0.7175 rect3.dat
1 16 -4.828 6 -4.917 1.1721 0 0 0 0 2 0.2826 -1 0 rect2p.dat
1 16 4.917 6 4.828 0.2826 1 0 0 0 2 1.1721 0 0 rect2p.dat
1 16 -2.976 6 -5.089 0 0 -0.6798 2 0 0 0 -1 0.4543 rect3.dat
1 16 5.089 6 2.976 0 1 -0.4543 -2 0 0 0 0 0.6798 rect3.dat
1 16 7.751 5.5 1.259 -0.7267 -1 0 0 0 1.5 -1.0875 0 0 rect2a.dat
1 16 -1.259 5.5 -7.751 0 0 1.0875 1.5 0 0 0 1 0.7267 rect2a.dat
2 24 -0.862 4 -5.829 -0.171 4 -7.025
2 24 -0.171 4 -7.025 4.142 4 -4.142
2 24 4.142 4 -4.142 7.025 4 0.171
2 24 7.025 4 0.171 5.829 4 0.862
2 24 5.829 8 0.862 6.174 8 0.663
2 24 -0.663 8 -6.174 -0.862 8 -5.829
2 24 6.174 7 0.663 7.025 7 0.171
2 24 -0.171 7 -7.025 -0.663 7 -6.174
3 16 5.2 4 6 4.634 4 3.656 -6 4 6
3 16 7.555 8 2.729 5.543 8 2.297 4.634 8 3.656
3 16 -2.297 8 -5.543 -2.729 8 -7.555 -3.656 8 -4.634
